10
3 5
30 41 15 5 37
12 18 44 19 45
16 7 9 42 5
3 5
10 1 1 1 7
2 5 8 8 8
10 3 3 8 3
3 5
8 9 2 2 7
10 5 5 8 2
9 5 6 2 4
3 5
1 1 1 1 1
1 2 2 2 2
1 1 1 1 1
15 15
1050 1097 1012 1066 1029 1019 1040 1039 1024 1011 1004 1044 1080 1062 1076
1062 1065 1026 1049 1067 1100 1069 1083 1058 1008 1005 1093 1057 1038 1082
1006 1006 1002 1068 1041 1004 1051 1039 1089 1065 1090 1005 1018 1082 1073
1079 1030 1040 1054 1061 1042 1071 1016 1100 1003 1051 1015 1088 1027 1002
1013 1018 1082 1036 1033 1044 1029 1057 1006 1086 1038 1076 1000 1050 1086
1071 1055 1073 1036 1038 1048 1002 1006 1033 1074 1094 1078 1096 1038 1094
1061 1031 1097 1001 1058 1013 1018 1097 1005 1015 1013 1057 1033 1085 1045
1085 1045 1070 1020 1038 1081 1099 1008 1080 1057 1039 1043 1099 1049 1036
1020 1046 1077 1047 1026 1054 1097 1020 1057 1001 1004 1070 1095 1026 1070
1061 1080 1048 1010 1031 1068 1058 1066 1044 1100 1032 1073 1084 1031 1035
1035 1079 1048 1090 1003 1013 1009 1024 1082 1082 1068 1056 1022 1023 1037
1095 1047 1051 1004 1055 1040 1002 1074 1031 1083 1052 1002 1033 1041 1079
1070 1044 1016 1031 1020 1079 1028 1026 1028 1016 1078 1001 1033 1090 1049
1062 1038 1003 1072 1089 1073 1076 1066 1071 1002 1070 1094 1017 1049 1036
1023 1029 1073 1039 1094 1039 1091 1067 1098 1027 1010 1040 1057 1013 1021
15 15
1801 1054 1459 1992 1147 1798 1607 1871 1672 1369 1022 1970 1756 2000 1195
1055 1055 1672 1822 1973 1273 1616 1629 1892 1275 1388 1382 1569 2000 1579
1840 1715 1957 1330 1861 1271 1901 1594 1349 1172 1713 1806 1980 1995 2000
1832 1647 1124 1402 1106 1671 1622 1377 1915 1128 1224 1617 1571 1195 1643
1700 1759 1202 1999 1741 1750 1046 1541 1416 1642 1447 1367 1678 1999 1354
1900 1839 1626 1840 1069 1522 1332 1872 1678 1637 1001 1009 1495 1507 1745
1357 1326 1614 1406 1087 1783 1892 1374 1714 1253 1680 1432 1192 1862 1605
1527 1683 1312 1423 1166 1725 1578 1436 1204 1031 1669 1607 1337 1793 1178
1073 1170 1913 1796 1826 1735 1021 1404 1828 1380 1574 1245 1657 1491 1591
1679 1946 1805 1206 1013 1513 1635 1717 1709 1796 1113 1356 1243 1358 1813
1432 1669 1908 1368 1723 1067 1699 1649 1208 1141 1502 1134 1734 1653 1163
1014 1306 1501 1591 1895 1379 1541 1159 1745 1844 1304 1481 1946 1124 1824
1223 1278 1149 1207 1356 1931 1385 1982 1545 1038 1392 1346 1583 1032 1531
1227 1349 1934 1463 1377 1677 1099 1379 1517 1105 1776 1242 1573 1224 1258
1850 1966 1522 1496 1545 1091 1184 1372 1211 1106 1950 1642 1225 1997 1723
15 15
1022 2071 1003 1267 1146 1020 1572 1643 1113 1749 1040 1468 1532 1458 1482
1431 1465 1713 1650 1317 1032 1012 1052 1728 1508 1313 1204 1603 1461 1333
1447 1327 1296 1301 1573 1698 1337 1068 1209 1648 1555 1479 1700 1535 1129
1697 1470 1185 1099 1412 1228 1701 1040 1047 1085 1092 1298 1668 2000 1269
1220 1062 1242 1490 1453 1751 1233 1085 1006 1376 1528 1239 1312 1890 1617
1437 1629 1615 1269 1218 1019 1518 1018 1635 1231 1548 1252 2000 1733 2000
1167 1369 1289 1374 1085 1359 1209 1671 1133 1628 1132 1021 1543 1054 1724
1275 1457 1214 1612 1207 1317 1453 1420 1215 1524 1647 1292 1265 1647 1378
1202 1729 1741 1692 1241 1097 1263 1576 1355 1305 1738 1227 1254 1683 1204
1315 1521 1559 1201 1494 1300 1611 1635 1630 1106 1451 1303 1187 1638 1388
1043 1668 1063 1277 1133 1148 1525 1007 1742 1114 1507 1454 1496 1285 1552
79 33 152 1128 1304 1225 1065 1527 1394 1205 1492 1578 1559 1223 1697
589 3000 1082 1724 1352 1482 1274 1561 1674 1005 1376 1199 1049 1020 1076
182 116 1406 1023 1267 1474 1370 1448 1245 1684 1281 1134 1507 1358 1736
1107 1197 1750 1521 1024 1669 1704 1323 1158 1321 1484 1221 1572 1663 1719
15 15
1090438 1801256 1148077 1602913 1465468 1561520 1519264 1231489 1337450 1439250 1770163 1334702 1568353 1335398 1645334
1195872 1910413 1221532 1192458 1148401 1244504 1668250 1856070 1743764 1332407 1372413 1141092 1382491 1228471 1782966
1363250 1498408 1025179 1559342 1654202 1306925 1961281 1943382 1709919 1988545 1637796 1261890 1673209 1583792 1875191
1975597 1017466 1147054 1369577 1742413 1739671 1715906 1540590 1984310 1965380 1508353 1641337 1152178 1750223 1468896
1443847 1385581 1006592 1933416 1282017 1713298 1218059 1975649 1735129 1258615 1379932 1662327 1294163 1711132 1888668
1778324 1361280 1346344 1452044 1495040 1742778 1312952 1707845 1316751 1067646 1796751 1078039 1703696 1070830 1064882
1185846 1654760 1669473 1176657 1896009 1067847 1269138 1680076 1915849 1933999 1340451 1709485 1390594 1795181 1414007
1463914 1880955 1065392 1253411 1745070 1945358 1978490 1132533 1841265 1502734 1523557 1364896 1542731 1823424 1952847
1595652 1124341 1865481 1958465 1988834 1895869 1577443 1127266 1614841 1094494 1276804 1380170 1040810 1692647 1291560
1009414 1181376 1323119 1104207 1535215 1056470 1797280 1848880 1936581 1874413 1983566 1792746 1858024 1876449 1172518
1066980 1814421 1461907 1546883 1564162 1934155 1014411 1586230 1747591 1625885 1418093 1017239 1714823 1736566 1829717
1196818 1141948 1179897 1099686 1812264 1262229 1394565 1028590 1613907 1137864 1255921 1501196 1117987 1809190 1682854
1403344 1514155 1503536 1586007 1052304 1739911 1221499 1238420 1569940 1730153 1256087 1854162 1858531 1495844 1377982
1059518 1980384 1414013 1886505 1152957 1191563 1930195 1028303 1918411 1477233 1703336 1646418 1987718 1510616 1788497
1842215 1610088 1471612 1855559 1101359 1115876 1644289 1292422 1887005 1690036 1783933 1552971 1197552 1965806 1621153
15 15
6002798 4914740 3876659 6967585 9236024 3248362 6378004 388199 7432282 4020420 1966355 5270451 8596532 9776575 7308592
586698 5767272 7232595 3267910 2204190 6978100 4841291 7682612 9744521 8286021 2467076 2789517 4002746 3969251 5208756
2420151 6585821 2929004 4668322 5784303 104664 5688786 8060786 2272555 8767240 9575987 1848122 4998475 3838414 5922721
2264469 3413003 3526663 4979240 1714726 5617922 1177974 294723 7765217 3368909 3379185 5895833 3673042 8408867 6796445
8725098 1644683 4368959 9762884 4030563 1231115 5442957 7362496 7487777 271863 9779438 4982049 7315450 1468379 811349
5309782 1500334 5008417 5527728 8939644 6985260 9554321 1887900 5016158 4450737 2743173 9602167 7191588 3450881 7454469
9500301 6307935 5810981 3828850 3666640 5460345 3213276 5993724 1050432 8243800 509602 1318848 4215994 8013453 744044
604590 9452111 9929608 1343240 3368390 569403 7245935 7143191 4762040 4649304 3720994 8696585 8870450 1484613 1683410
9236665 4352993 9217419 523282 3475172 6745763 9089401 4347604 8056115 5256454 4121453 4032066 3416040 2930212 3556164
9101393 3014766 4415761 8284517 1445353 2882201 9236534 4525508 2074460 604025 3907882 1828427 3114533 2624687 7530436
222814 1235815 8304329 9255744 3144652 8940306 6077090 658477 4888112 1524268 7116619 5159967 5998775 2637116 191261
7073546 4128193 6169358 578125 3652214 2290623 374437 3740762 8824697 6589598 2458253 4531788 7588649 4372728 6132419
7829842 9810237 1388259 4151751 3791434 8073638 2988740 884749 2145121 7839954 360175 722952 8755506 6082995 2094211
4470665 3954315 7291582 6505706 9343962 3166460 1991889 8482644 5210099 7234564 9653274 6074578 5455095 9239366 9323026
3819834 8416383 4852555 8779572 8956204 7263046 5533791 5341562 3533059 289013 7990389 4738393 691429 3731923 3977586
15 15
9999204 9999517 9999152 9999600 9999437 9999688 9999966 9999774 9999429 9999011 9999576 9999701 9999118 9999919 9999895
9999360 9999103 9999447 9999171 9999708 9999447 9999628 9999660 9999349 9999510 9999856 9999521 9999945 9999117 9999293
9999696 9999734 9999569 9999231 9999918 9999841 9999541 9999518 9999127 9999238 9999570 9999037 9999833 9999085 9999567
9999452 9999635 9999592 9999303 9999676 9999171 9999152 9999954 9999738 9999576 9999679 9999738 9999718 9999379 9999151
9999468 9999106 9999777 9999192 9999701 9999148 9999869 9999491 9999715 9999707 9999413 9999970 9999406 9999804 9999743
9999707 9999562 9999490 9999475 9999816 9999547 9999985 9999837 9999840 9999659 9999623 9999333 9999052 9999504 9999732
9999964 9999982 9999457 9999588 9999921 9999002 9999831 9999006 9999270 9999538 9999920 9999412 9999458 9999518 9999524
9999404 9999705 9999411 9999252 9999557 9999921 9999975 9999058 9999336 9999864 9999424 9999991 9999446 9999181 9999659
9999395 9999044 9999870 9999842 9999631 9999102 9999585 9999665 9999786 9999506 9999290 9999839 9999189 9999365 9999581
9999141 9999022 9999053 9999063 9999317 9999899 9999467 9999747 9999148 9999309 9999008 9999942 9999097 9999638 9999537
9999666 9999029 9999958 9999868 9999111 9999331 9999540 9999549 9999808 9999448 9999565 9999041 9999994 9999523 9999797
9999942 9999373 9999224 9999598 9999001 9999248 9999631 9999997 9999315 9999289 9999490 9999432 9999403 9999946 9999258
9999156 9999451 9999360 9999175 9999085 9999944 9999056 9999463 9999532 9999176 9999680 9999646 9999206 9999926 9999692
9999144 9999336 9999788 9999919 9999029 9999326 9999291 9999761 9999906 9999242 9999552 9999152 9999571 9999170 9999976
9999777 9999398 9999422 9999329 9999249 9999690 9999906 9999421 9999510 9999430 9999950 9999485 9999188 9999964 9999942